2107389568
1643347009
47979799
2068360159
47559215
2027186576
6437306
2144708089
2109842138
1796260814
144490412
116693203
47526637
1729586298
2095141092
145963427
1831395
1838478
40504742
2115496186
2558997
119218337
146089746
2141510269
1778398
8169994
39613066
10807072
1470825038
2064358
123861276
1712865
2058192976
40196311
102718695
31270684
1878375
51290625
2168321727
33978150
144937884
51034107
32670167
89974507
102788905
3178240
2058460749
1589493589
5315446
5704024
3191663
50687524
122608810
2146033648
114115436
2084631489
2082294744
40484649
1439702795
47379578
2098811019
47022219
1381068875
2056050405
1580935862
152765431
1725412685
2097232
6050548
79695806
152290158
2121305256
2144348249
32286134
150892645
102366016
7971033
115833670
137876510
27093745
152718120
3381981
71774295
39810162
1925177
46998035
1743706
52148319
2102720733
151201979
2138659045
152727971
48725539
2073358625
100967429
118236823
52139981
144063208
2068824507
118957299
51148972
122388167
7249796
2053453716
119701448
9952841
82463398
1775511
2084231279
143676983
2069315974
24502746
1874465
34779893
143716988
49685517
2064459084
123712301
2066992265
2142867041
39073532
144421488
1668875426
2109431438
24747777
47260431
5499832
2135815829
2144568816
2061625179
103467856
144682367
144459141
3200568
144260238
108433277
103738205
2140178622
1589437057
2115770555
143873343
1793302
1471887945
2058811829
3318461
2364416
2090820194
39074659
22532100
2775909
147863109
2070171501
49164724
2876837
98378192
2155236005
144265082
2107389568
1643347009
47979799
2068360159
47559215
2027186576
6437306
2144708089
2109842138
1796260814
144490412
116693203
47526637
1729586298
2095141092
145963427
1831395
1838478
40504742
2115496186
2558997
119218337
146089746
2141510269
1778398
8169994
39613066
10807072
1470825038
2064358
123861276
1712865
2058192976
40196311
102718695
31270684
1878375
51290625
2168321727
33978150
144937884
51034107
32670167
89974507
102788905
3178240
144130131
1589493589
5315446
5704024
3191663
145803385
122608810
2146033648
114115436
2084631489
2082294744
40484649
1439702795
47379578
2098811019
47022219
1381068875
2056050405
1580935862
152765431
2091575753
2097232
6050548
79695806
152290158
147697560
2144348249
32286134
150892645
102366016
7971033
115833670
137876510
27093745
152718120
3381981
71774295
39810162
1925177
46998035
1743706
52148319
2102720733
151201979
2138659045
152727971
48725539
2073358625
100967429
118236823
52139981
144063208
2068824507
118957299
51148972
122388167
7249796
2053453716
119701448
9952841
82463398
1775511
2084231279
143676983
2069315974
24502746
1874465
34779893
143716988
49685517
2064459084
123712301
2066992265
2142867041
39073532
144421488
1668875426
2109431438
24747777
47260431
5499832
2135815829
2144568816
2061625179
103467856
144682367
144459141
3200568
144260238
108433277
103738205
2140178622
1589437057
2115770555
143873343
1793302
1471887945
2058811829
3318461
2364416
2090820194
39074659
22532100
2775909
147863109
2070171501
49164724
2876837
98378192
2155236005
144265082
2047997575
114546470
2075390465
71149174
40650641
5241662
2616516
46453660
1388261469
66124729
1590792981
143660006
143636246
40035206
80174617
31828515
3256565
2064132556
2066168764
145955154
13618264
31022255
115099878
1784138283
49390390
2064581974
2775559
123486018
2053319685
2054352424
38798270
14580412
2109431438
2919118
1950729
70224648
2149257554
7485612
3156894
9820990
7243805
26006522
94674326
2478983
2082578902
40800578
1418098184
39869081
3306556
145350317
67109302
2068430565
1741175
38870341
37172342
94813413
2117278380
147915826
2813216
38844482
94013412
2146599621
9031132
34444206
34594216
14289980
117932560
2100728317
2143209220
91890528
2593082
2139376850
1678423
2112561493
144278140
11299276
122879467
2798221
94860883
1685102
10246648
3029081
48236763
2105715435
9950697
1840474882
87946467
2950299
41072760
1700820
145909572
2098047755
2049062594
144030911
39049552
101167609
2125441089
8554587
1415110072
1785816
3520952
102446215
81975078
1759771
3803776
118813282
2116645477
2331521
2096406450
10033961
2971386
2074128237
32475436
88291532
8912718
1747800
26582424
39493641
72208575
31554053
150956609
2157284962
2123319428
120859424
34836211
2065398613
29083238
20985588
3499140
40570220
27558311
2113456591
144030911
47930228
2064780005
2071381878
1907480
2065277251
7147206
2109843146
102364407
92254352
114579073
117535371
100558778
2364686
71022991
35168570
101659012
47992007
2091845154
2065563176
2061329586
134832905
1920330996
1783512
22446549
143762263
2112547575
1604301953
2210775
1746034
2094618170
2255094
123007418
144584024
2056723881
152646535
2186943167
2465442
121948009
13389981
5931482
1491319253
2026324797
37756512
2065376866
153919180
2118061656
38568367
145521402
6125979
2060423233
2109955445
116783772
1965870097
3447293
150126691
117386123
3252940
10788926
2108287688
144776615
90057191
2123470618
2349638
122472773
89922735
48280546
150150570
2818774
2059013031
49977201
103831391
121976692
2067123149
116130003
1394959217
4433905
46318336
1931785
75092804
3049490
2082231467
122522058
51136331
1754926
32822615
6699292
144582112
34511682
3251859
46173646
151153392
2108504883
144824439
1722083698
2139375814
2054694496
6673771
102794367
2169548289
1860720135
2402406
31839582
1956650
2069724
2067089360
34594216
2189543322
13978600
38181973
2327518
3297687
31304979
2063800299
1379485262
1404430858
2072824108
13198856
2784704
1682878
49322613
1782658
146790373
30950148
145795997
4151826
21493167
2114703564
32534922
40944409
52557341
2074202393
108675674
2165057893
2117077867
1834047
3403045
1400028044
116586615
2152916230
2772997
79537629
1629739923
3046220
3422004
1659402394
2066708095
2146021066
35989740
101236378
32074066
2005765789
118961615
3055311
144541492
2078908
39740006
1829115
1755618
1474505607
107795856
49018691
2833301
2852086
144130084
144388218
2575649
49201881
2909134
49950751
2463533
122923729
1797355
2116892167
21062600
80364483
107927803
2703478
9716460
1925560
5507954
1765159
1717192
2066561934
1441946106
36702013
2062873873
1736632
2155469401
2111788580
2067674451
32885276
1697866594
32542951
2061538854
2069927687
2044793
40956113
2097232
122195930
2632078
2068203116
2155970749
112993665
21160985
2059229753
152701775
40918154
2698329
49752681
15756426
10726253
50241474
84583464
1899733
2091916467
2081570309
1996878
50378967
147205231
145177259
91575563
113864257
72640615
103932770
144300761
114364012
52193231
2151954287
50296093
2943419
1720683
2004428566
2150232216
2112208843
1629739923
2108616798
72339731
2108777102
121766989
10191555
2314259
2117569916
5507954
1895991
89555751
116628082
23724710
153451463
117895136
144641844
2078464034
2061425672
2072733252
3195814
2117803734
2157118
49919119
2054518611
2125374460
2307347
123636213
70025184
90127209
2144069586
1430756040
115610300
46713318
49667603
1506853429
1591678373
2111883222
10750731
144166108
145372039
48777075
101404244
1682773
2118098504
2102608618
2055517501
50698375
2059052658
144832530
47792365
2052292782
2108440764
118816099
22369664
7255575
2069435625
67047192
1928964
10054843
2121983331
116074438
8074481
2134996
137416343
2052429313
65894361
6965378
49654502
2066045434
3185333
4600197
98719041
2149189218
143767854
2116944
2048031965
10803100
1689081
145479841
46447095
2106278774
2005828186
119070468
113149591
2072427
49525622
2116388722
80536505
2703060
2106527293
1804104
2561756
1696982
37626650
7378051
1415151823
98234305
2853607
144610360
3157930
3720322
2038459993
52179873
2086531527
123873301
119305893
89552478
2104270403
49590019
2095724447
47954408
1821731
15279159
5115125
3130592
2998138
49367064
152984544
2201557429
114125523
145088634
2072983494
2736883
1379672188
9997588
121214669
1670042077
48917197
145972803
4638847
1705156
2113916304
116421788
1770511695
107907861
48107065
146495007
2094459437
2125792068
1978063933
1684687
47306115
2019597
2092889515
3663418
3371403
2100834
2101595384
123156877
2654157
2218585
2653499
151207888
2055437173
31774034
145681423
2057372730
3122129
49505508
2153823
2026787100
2115859882
2044828164
2064751547
2060131580
51889221
2006766
1631293956
6050548
3859117
2064602608
1752092
2090592206
145556296
51246276
40210245
1994685112
1506812383
82773757
3543088
2082164861
3028190
52229695
2111881618
2088198191
52011028
2065844300
2049671332
2116052969
46787843
2089291554
1382298095
49857524
2023811474
2085389095
94034875
47961744
2055289855
46805795
2039441
2113882451
153303056
1801245727
1691672627
2148470563
1963709
104404100
119774249
2066138093
2109647303
72304880
46886279
2144733845
83623918
1753220
1453202301
144873219
143653853
2145288227
2150231468
2560510
2292434
104088877
2066306927
119411471
71481319
2050643390
5672274
2054206550
39703779
46455367
2325832
51119208
2079466206
5448322
2080693234
30925108
2113954636
47595168
144728530
37455034
2059084914
51011564
2072590027
148243135
2064134202
1399042299
46726748
1721948
2113780702
145859783
2073241572
3145906
150165531
2055409262
48440042
13566762
6130070
2091697787
117728323
144763838
2144160719
123542920
69555813
32004231
2060909365
2068180895
9297373
2070576321
114242443
2092968522
3071381
144949077
2116525
47960435
2174734876
147915826
2922661
2078911564
2042896585
34627491
2857520
2065339032
2047736624
1705257
145655675
1491143211
2064735103
3393419
52269660
147016125
46843152
2064720093
1910903
50331849
3329961
49713298
50139333
2413779
2133817351
10787293
2057837402
2051286847
47027506
2057955897
150303085
1780030
65758360
2963260
144694920
1722680
145248414
2054852791
8016688
2056052167
7274019
51040873
71075814
2065378499
34366081
1491909167
113302314
39157073
48866094
1751538
2111775566
143611031
143737969
2068990824
3228326
1749578
1816277
2856003
144741762
2064581974
2709512
71229733
123133635
152152429
87989962
144603514
2145419860
145737978
2071242659
2056320904
97794769
2076481176
49923191
119589961
2157692810
2700787
51880714
79993172
2053027693
2795368
9143407
2148825816
50227725
35466212
145965693
49427905
2108667799
49105984
113183973
1996199677
7288336
104238603
1630469424
33879142
47132201
31050525
1745451
3266664
66539709
100742194
1738699514
3727566
2066469124
2143096639
117182555
35455751
145935703
2142561613
91261958
49382924
93258626
2065335428
39496312
15570341
144377755
134319547
2115459398
39619406
39619406
19270775
48668674
51436004
2105716678
2121385390
2053062565
1855575
26896478
40429233
1733303
2446400
32738505
3233874
50433065
2118933272
2157757199
144381047
49594173
10746443
8008695
2093335208
3428698
146491724
47555956
2042453568
2112927312
2067206103
69009379
15797144
2050658262
2518906
3392184
2836702
47741869
1961938
70480899
2131876967
2006328457
7007825
32071555
50608908
2061087257
123853255
104942679
2062745244
2062914364
144747175
48897421
2072307744
2065790379
1401009276
1716200814
2178848331
145512648
65826674
144324702
2675022
117115995
2108600623
49308049
2065016847
2159207178
10175429
2109913
40113754
3365505
2036463605
143690626
40492301
3046920
30695829
102366016
2088011784
2607532
145671317
2227874
1945857296
73354569
52285119
123240682
2079617738
2488381
14163440
48640303
2048868599
1490762459
1571403456
2070188131
2872418
47410016
2109587236
2166548363
3383776
6979425
47304898
48629988
7994350
2093306261
10305789
147115675
47632726
15766236
1730465
46998035
1714525
100592550
2099717
151463845
35840323
40368603
2135347307
3175174
2950043
101813910
51435753
2174367744
1958921
40577876
2144650010
72630048
143833600
2090510804
145938210
2114939813
1825230455
3815034
39885321
48836954
15669259
113557474
2081802855
2136708
2064372444
1752616381
1380245380
6990309
47549224
2143908609
3106444
3937517
1757840
114920877
3237539
3456882
2118927653
145581796
1490486218
134345742
2146983832
2895132
2131739267
48829479
34699366
11333675
6032930
82355433
2065799250
123080639
2128690482
2139750731
112844935
3288539
121896523
71377045
1702139
5266090
2054488079
1997555
31531165
1679038
47464687
73741141
113762868
2059772133
1736324
100652250
2128447258
2068813832
118564918
35494371
3868279
2044976791
2061106112
46844718
2086928350
3461693
66740041
104473680
4452031
4870704
2229958
10087293
5541404
122392325
3362498
50060191
3294636
35291144
40584518
2142832956
1799601
6057019
1509446939
2773814
2207163
51169219
1381441004
36363706
107918952
48135617
81551000
5672274
2048615647
2076919522
3261461
47301511
2056097457
104772683
1903670
2064689883
2087659410
2476676
1999088
2145635
46814936
46736494
73155814
113618294
2106505094
2110049545
91032827
2592694
2080573026
5344473
31805805
2173025418
46261253
50062244
5178218
2752996
2152289162
2137221311
146086915
82984369
7644036
2120270819
2108604843
2064857882
3306947
104440722
145472316
51428797
1447736342
2079246426
2090986572
2053981547
118559963
117397683
51030021
2137306458
103291034
115262605
40061879
2563117
2095450
152493572
143960644
144195426
2200451043
93021993
38917723
2068522604
113179096
2153876524
2006794050
145206802
12005102
3853739
2113599173
2065765478
145784687
3098280
34286525
79792994
144138733
7382384
145001915
133980886
39920301
2073878312
2325084
2047736819
2310860
47259740
2071445693
2091647327
103561335
34948354
9549601
1665406209
2133401421
1490777841
145226677
1883957
2143856754
2081923667
16323383
108790425
122048410
3381971
2081641652
47373374
2131876967
144597970
147663539
1409191287
2092893018
41127197
66824667
47993785
2735649
113573262
48367403
1769316
1986996
40136483
117414490
98253309
1775071
116305088
3380587
143728483
2057632364
21269976
47193909
38623417
2117245
2057638216
117206154
90599671
133558401
65943017
120957000
104340572
151482163
52429287
2120926430
83021981
1841443
36845792
100484556
2572528
11406378
1475738087
2155663935
2110717605
89089891
5698950
2055417378
2067402663
1682773
2071501181
87109387
3144356
1726531
100525940
39634853
37879285
47009759
8365995
46544396
1726076767
118724918
2061366286
2146553916
83754848
1418100032
46567426
1453753408
1397158998
6171460
3451342
51166423
151467651
2112732135
46590719
144113253
37149516
71146550
66042341
2187761
2004014746
103185403
1412752599
1693341
2137791649
144811646
3305606
1939367
1739074
1688304
2346763
35168570
2350947
2115518582
2078468831
2150305161
2083089510
102390348
3334430
104773198
2125375502
1863307
50759418
1581613599
6371940
2900564
2066741106
2044357425
2104018262
2151718837
2061449098
2065672229
2089854654
108127723
2058939934
2095413715
98659085
9700358
46519420
2000792611
2064667763
2917502
112886770
1907673
119292543
143835450
3372778
150029041
1379954385
147935954
14633760
83689730
31443823
2111228581
1484253558
73769674
34330454
144221261
3159918
2099261884
2074978621
2068505
48875464
47631729
2061647231
1576739598
134038358
2005887754
2097080967
2149170698
25636121
2200712658
49069517
133752893
52482112
2114401498
2112134877
10721627
98259495
144116046
107745760
4430573
66376314
143937275
114415925
118576190
35700028
40025432
118810227
2900564
2108302924
50207845
2088461855
2817467
2144294549
3642680
152434613
51057620
1796102
66577908
3164658
150007688
145408600
143617537
46771517
2042658
39621554
2065620888
122473522
80588623
51301358
2109235955
2071033508
2068874832
2479533
66396433
152202756
49305855
145386019
5651696
2061852716
153284148
46204267
1687465
1818176
2699405
50974788
8311574
103810565
1874100
2194666697
103220762
50369269
3315979
144208030
1612340138
90810256
1645918180
3235797
113112076
2080374433
1884573888
151222817
37865406
30577839
84289130
47432224
145809552
2066095952
2027078570
47491240
2108033776
50107907
2055334877
2089054147
2060175957
2180386945
2113333550
11042363
2078552030
2067569354
72852855
71787654
38831423
51965804
47503439
4859855
2083822031
48618166
2061643051
47012097
143623190
2537597
143940045
148363807
2110676310
2153823
1404974024
104772484
7003557
1702186500
51011397
2058299940
2477784
66304427
147247758
82781955
4615706
65854572
50530361
144400452
2152974017
11583899
1991315
153554883
2070779895
1770229
2289426
2746533
2980678
1903191268
1915175
153485411
2083556666
2157973730
117331226
13660573
33913983
2056850497
35690814
2101037
2113721197
145836652
2152891654
2113277060
49302440
2974320
2419451
2116588437
144991545
2067374281
2194947
2676839
144088681
143653472
40199958
1395103544
145888882
2024608686
145999300
2052615416
52521174
1795620
123679933
2082299814
114902240
1680270
143768591
1836327
49814980
2057942662
46542224
2125094000
2127075304
88770403
3120572
1697444
2171758423
2061403604
48046557
66963727
4410019
2106176640
2023464353
119581298
1568048881
2067569168
2109681376
2161522351
16223725
2322015
82832669
5624472
21368654
2504674
47826144
2089972378
2103981163
1752967
2164871
3124784
51044369
2111807120
2060386071
2108459775
2261457
50011503
3342374
83770577
2066518004
2111727675
1490528902
1450871945
1491912320
1405590382
2076294
98811543
1579700177
48686208
2057693431
2942126
2724666
1730570
2105797924
2135370738
38173480
2332167
90469812
1837968
46283441
73035024
3139034
7463728
115386309
52596373
2143830467
2113768970
49847221
40913396
1753351345
52164217
2611075
50846470
103677056
2037183204
1748169
73580038
2677682
40799430
2028002382
48480843
15093681
2663093
2114881414
1828761046
2005710851
2093932689
72655306
1980629843
3436434
21467751
32736900
2065120622
2116608061
134378500
2127081453
2131145555
120607575
1817251
3528206
2058951216
119256948
3422951
1380259269
122053298
3142706
2960582
102430107
1411234229
1379485264
2441472
7646279
2086863559
2173402108
2092468153
3237368
1688470
87000325
2054138947
50187458
102572717
9423277
2191743
15871181
7933719
115767234
49163676
118976401
145879842
114544358
2113652987
2108324641
2195694
144990348
2331299
1680938
70996209
2145309180
2082915315
1411580971
48285378
2897109
145919650
2120376431
145749938
2135466456
2075458935
2135734079
81865368
86916901
120663065
143975462
145489646
2079730487
144212002
32266979
2251027
120786478
40538820
1382286156
145677428
32820193
1678008920
145798484
2069976161
2131616756
73306991
3886047
123750282
3278790
1739297224
1805055
2229215
2538277
2143384552
2079565812
1447266398
35689089
1582151395
144795888
32163938
1387727781
144007353
2112325
2159679302
38395120
5104106
145591072
98036621
73456522
2062916957
2096297536
1405310717
2255965
1803701
38448625
2033965
1684032
2258432
145618126
152871533
153358349
49628663
144795888
2063998111
144700242
51194027
1729365026
34787071
2575857
2079851500
3449027
151074658
153275505
119455347
9357609
2189817
29689981
49222693
150254620
2633430
1516995694
2135643187
3403284
3390598
2055731078
1769960
2100329
1752722
2160471591
145380546
1410123881
147327565
153604644
113823194
114763530
2708096
98879494
2681493
2060914351
87348247
14828456
2047039029
90039686
27720125
2025916508
2052431494
2004640628
1394654208
1935592
31892038
145670814
145638099
35195596
37508164
117633375
50003334
2056050405
104763554
1706000
2978541
2072706256
2536091
116669732
148095787
2858021
2056577337
2030915545
2651953
118084656
145910499
2833225
2356176
6466660
118700719
150906346
2064849037
9492170
2048417545
2074352646
12496374
153806655
51010720
2065215943
145519038
15692895
2103444911
114436981
2233516
40492301
2071682401
48981140
46710132
1970172
2083160402
50846627
28993380
2194458
2053644886
40454144
2085976718
2497393
116215156
2086178147
148007678
50156365
71686470
2050597
32980371
1380974154
2023487431
1777051
2139404827
1794096
50609891
68995872
2064780042
9847177
145729503
34897952
2093907571
143939254
145829671
71165381
2071530973
2614162
50674043
32010634
1985987
79851419
144786184
39768895
49182480
40685732
2597999
143618115
1777367
39748526
1857191
145651826
2140221
35710700
3376145
15183601
119478530
147171110
32174870
1696916
2071105981
35618632
1796335
