2107389568
1643347009
47979799
2068360159
47559215
2117239140
6437306
2115554124
2109842138
1796260814
144490412
116693203
47526637
1729586298
2095141092
145963427
1831395
1838478
40504742
2115496186
2558997
119218337
146089746
2141510269
1778398
8169994
39613066
10807072
1470825038
2064358
123861276
1712865
2058192976
40196311
102718695
31270684
1878375
51290625
2168321727
33978150
144937884
51034107
32670167
89974507
2003393
3178240
2058460749
1589493589
5315446
5704024
3191663
50687524
122608810
2146032816
114115436
2084631489
2082294744
40484649
1439702795
47379578
2098811019
47022219
5971897
2056050405
1580935862
152765431
1725412685
2097232
6050548
79695806
152290158
147697560
2144348249
32286134
150892645
102366016
7971033
115833670
137876510
27093745
152718120
3381981
71774295
39810162
1925177
2110193367
1743706
52148319
2102720733
151201979
2138659045
9342947
48725539
2073358625
100967429
118236823
52139981
144063208
2068824507
118957299
51148972
122388167
7249796
2053453716
119701448
9952841
82463398
1775511
2084231279
143676983
2069315974
24502746
1874465
34779893
143716988
49685517
2064459113
123712301
2066992265
2142867041
39073532
144421488
1668875426
2109431438
24747777
47260431
5499832
2135815829
2144568816
2061625101
103467856
144682367
144459141
3200568
144260238
2064129380
103738205
2140178622
1589437057
2115770555
143873343
1793302
1471887945
2058811829
3318461
2364416
2090820194
39074659
22532100
2775909
147863109
2070171501
49164724
2876837
98378192
2155236005
144265082
2047997575
114546470
12561051
71149174
40650641
5241662
2616516
46453660
1388261469
66124729
1590792981
143660006
143636246
40035206
80174617
31828515
3256565
2064132556
2066168764
145955154
13618264
31022255
115099878
1784138283
49390390
2064581974
2775559
123486018
2053319685
2054352424
38798270
14580412
2109431438
2919118
1950729
70224648
2149257554
7485612
3156894
9820990
7243805
26006522
94674326
2478983
2082578902
40800578
1418098184
39869081
3306556
145350317
67109302
2068430565
1741175
38870341
37172342
94813413
2117278380
147915826
2813216
38844482
94013412
2146599621
9031132
34444206
34594216
14289980
117932560
2100728317
2143209220
91890528
2593082
2128916708
2110723862
30526605
144278140
11299276
122879467
2798221
94860883
1685102
10246648
3029081
48236763
2105715435
9950697
1840474882
87946467
2950299
41072760
1700820
145909572
2098047755
2049062594
144030911
145102721
101167609
2125441089
8554587
1415110072
1785816
3520952
102446215
81975078
1759771
3803776
118813282
2116645477
2331521
120578616
10033961
2971386
2074128237
32475436
88291532
8912718
1747800
26582424
39493641
72208575
31554053
150956609
47803829
2123319428
120859424
153108134
2065398613
29083238
20985588
3499140
40570220
27558311
2113456591
144030911
47930228
2064780005
2071381878
1907480
2065277251
7147206
2109843146
102364407
92254352
114579073
117535371
100558778
2364686
71022991
35168570
101659012
47992007
2091845154
2065563176
2061329586
134832905
1920330996
1783512
22446549
143762263
2112547575
1604301953
2210775
1746034
2094618170
2255094
123007418
144584024
2056723881
152646535
2186943167
2465442
121948009
146558728
5931482
1491319253
2026324797
37756512
2065376866
153919180
2118061656
38568367
145521402
6125979
2060423233
2109955445
116783772
1965870097
3447293
150126691
117386123
3252940
10788926
2108287688
144776615
90057191
2123470618
2349638
2112325
89922735
48280546
150150570
2818774
2059013031
49977201
103831391
121976692
2067123149
116130003
1394959217
4433905
46318336
1931785
75092804
3049490
2082231467
122522058
51136331
1754926
32822615
6699292
144582112
34511682
3251859
46173646
151153392
2108504883
144824439
1722083698
2139375814
2054694496
6673771
102794367
2169548289
1860720135
2402406
31839582
1956650
2069724
2067089360
34594216
2189543322
13978600
38181973
2327518
3297687
31304979
2063800299
1379485262
1404430858
2072824108
82257915
2784704
1682878
49322613
1782658
146790373
30950148
145795997
4151826
21493167
2114703564
2004690854
40944409
52557341
2074202393
108675674
2165057893
2117077867
1834047
3403045
1400028044
116586615
2152916230
2772997
79537629
1629739923
3046220
3422004
1659402394
2066708095
2146021066
35989740
101236378
32074066
2005765789
118961615
2065285822
144541492
2078908
39740006
1829115
1755618
1474505607
107795856
104754354
2833301
2852086
144130084
144388218
2575649
49201881
2909134
49950751
2463533
122923729
1797355
2116892167
21062600
80364483
107927803
2703478
9716460
1925560
5507954
1765159
1717192
2066561934
1441946106
36702013
2062873873
1736632
2155469401
2111788580
2067674451
32885276
1697866594
32542951
2061538854
2069927687
2044793
40956113
2097232
122195930
2632078
2068203116
2155970749
112993665
21160985
2059229753
152701775
40918154
2698329
49752681
15756426
10726253
50241474
84583464
1899733
2091916467
2081570309
1996878
50378967
147205231
145177259
91575563
113864257
72640615
103932770
144300761
114364012
52193231
2085134068
50296093
2943419
1720683
2004428566
2150232216
2112208843
1629739923
2108616798
72339731
2108777102
121766989
10191555
2314259
2117569916
5507954
1895991
2113753651
2111931460
23724710
153451463
117895136
144641844
2078464034
2061425672
2072733252
3195814
2117803734
2157118
49919119
2054518611
2125374460
2307347
123636213
70025184
90127209
2144069586
1430756040
115610300
46713318
49667603
1506853429
1591678373
2111883222
10750731
144166108
145372039
145496993
122649157
1682773
2118098504
2102608618
2055517501
50698375
2059052658
144832530
2060611317
2052292782
2108440764
118816099
22369664
7255575
2069436306
67047192
1928964
10054843
2121983331
116074438
8074481
2134996
137416343
2052429313
1707735656
6965378
2202243930
2066045434
3185333
4600197
98719041
2149189218
143767854
2116944
2048031965
10803100
1689081
145479841
46447095
2106278774
2005828186
119070468
113149591
2072427
49525622
2116388682
80536505
2703060
6326727
1804104
2561756
1696982
37626650
7378051
1415151823
98234305
2853607
144610360
3157930
3720322
2038459993
52179873
2086531527
123873301
119305893
89552478
31201927
49590019
2095724447
47954408
1821731
89196823
5115125
3130592
2998138
49367064
152984544
2201557429
114125523
120086345
2072983494
2736883
1379672188
9997588
121214669
1670042077
48917197
145972803
4638847
1705156
2113916304
116421788
1770511695
107907861
48107065
146495007
2094459437
2125792068
1978063933
1684687
47306115
2019597
2092889515
3663418
3371403
2100834
2101595384
123156877
2654157
2218585
2653499
151207888
2055437173
31774034
145681423
3411250
3122129
49505508
2153823
2026787100
2115859882
2044828164
2064751547
2060131580
51889221
2006766
1631293956
6050548
3859117
2064602608
1752092
2090592206
2068180895
51246276
40210245
1994685112
1506812383
82773757
3543088
19171720
3028190
52229695
2111881618
2088198191
52011028
2065844300
2049671332
2116052969
46787843
2089291554
1382298095
49857524
2023811474
113213883
94034875
47961744
2055289855
46805795
2039441
2113882451
134193403
1801245727
1691672627
2148470563
1963709
104404100
119774249
2066138093
2109648386
72304880
46886279
2144733845
83623918
1753220
1453202301
144873219
143653853
2145288227
2150231468
2560510
2292434
104088877
144176651
119411471
71481319
51153095
5672274
2054206550
39703779
46455367
2325832
51119208
2079466206
5448322
2080693234
30925108
2113954636
47595168
144728530
37455034
2059084914
51011564
2072590027
148243135
2064134202
1399042299
46726748
1721948
2113780702
2059392121